4
30
-3
24
-5
11
-9
8
4
20
-4
-1
14
30
21
-10
-2
4
-4
5
-1
-6
-4
16
20
5
0
-10
-8
-3
6
8
-5
20
6
18
15
13
10
2
23
24
30
3
0
15
1
9
18
18
10
18
29
3
20
16
-8
-3
-10
29
21
29
13
-8
2
21
-2
16
16
14
17
-1
7
24
-10
8
26
7
10
-8
-5
2
-10
29
2
-10
2
27
-10
19
11
16
20
-6
1
-10
30
22
19
28
17
20
-3
4
-10
9
23
11
-10
10
9
11
-6
-6
0
28
-3
30
-7
-8
12
14
5
28
14
12
2
5
6
25
1
5
10
19
5
25
-1
-8
4
2
2
11
0
-3
-9
-6
22
5
-7
-8
19
-4
27
15
14
26
-4
30
26
24
8
7
24
3
8
8
14
-10
3
2
9
29
-7
6
18
19
-4
9
-6
27
3
-8
-10
13
-1
-10
27
22
-5
22
1
25
-7
20
9
26
17
18
-5
-8
-6
21
13
22
16
28
29
4
9
11
21
19
1
6
-6
25
-6
-3
6
10
6
4
20
4
21
-4
-1
14
23
-7
21
21
28
7
10
-4
10
25
14
29
12
2
-9
22
21
28
17
2
21
27
24
-8
26
-9
-6
26
-2
1
7
24
-1
23
11
29
6
11
27
11
14
18
23
20
20
-3
19
19
23
-2
25
-7
9
-2
29
11
30
25
15
-9
0
2
30
11
20
4
-10
0
24
8
27
13
22
9
12
-8
1
-4
6
-3
16
22
4
5
28
11
-10
-7
-6
20
20
8
9
4
9
21
-6
29
-10
3
6
16
23
-9
28
19
24
25
29
-2
12
28
4
19
17
25
-5
11
13
20
0
29
16
11
6
25
22
26
20
-9
8
-7
20
21
26
22
28
27
28
9
14
13
24
30
-6
22
-5
7
3
30
-9
22
25
3
4
-9
-9
2
-9
20
17
27
9
25
21
30
26
0
2
13
-9
-5
-8
7
4
-2
25
15
16
17
-7
23
9
-6
21
19
1
14
16
16
24
28
-6
-6
30
18
0
-4
0
-1
7
24
8
-1
-3
14
2
9
24
25
11
-2
19
4
24
-2
2
3
-4
0
1
26
22
9
-3
15
21
-10
20
-8
24
27
19
-9
11
27
29
-3
27
11
14
22
6
16
16
20
9
-4
6
-10
19
14
-5
13
-1
8
-6
24
3
12
9
-6
12
16
-3
8
3
25
23
17
13
29
-4
7
-10
29
9
2
23
25
10
-10
-4
27
2
26
-4
12
8
-3
-1
2
3
14
3
24
3
15
2
8
30
-2
-10
-7
-8
5
-6
17
25
-4
2
14
-4
7
-7
-6
29
6
15
22
5
22
20
-8
-6
11
15
-7
10
-1
19
-2
7
14
25
18
13
16
0
6
-3
20
24
8
23
-3
-4
9
-2
-1
-10
20
-1
10
3
-2
7
13
22
27
21
11
1
21
-7
2
11
2
9
1
3
14
-9
-6
-6
-4
21
-10
14
23
26
4
17
13
22
20
24
29
2
5
8
24
0
29
19
-3
8
15
3
-3
26
-2
-1
22
-1
22
5
-3
-2
-2
30
-9
0
23
3
13
-1
-9
22
27
26
-6
14
-8
4
21
15
13
20
-9
-3
21
3
25
3
-4
17
-5
16
12
0
20
10
3
-1
15
1
12
11
11
-5
20
21
8
17
10
30
-10
25
0
13
29
2
-8
0
6
0
-9
27
29
10
6
6
11
11
18
21
27
8
25
20
17
18
29
19
26
-8
16
-6
20
11
6
-4
-1
15
22
10
7
1
-2
8
-10
